orig_2pcf mean = [19274.20433435  2682.68025876  2339.27579231   665.40769705
   842.17892499   299.44342319   428.95373642   172.23216043
   260.9909784    113.58194635   175.50159253    78.70267919
   120.98187103    54.78888263]
orig_2pcf var =  [ 323.46111918  888.9914467   918.74371044  967.07026304 1173.75451103
  742.87136077 1235.12720962 1000.46916122 1207.00443876 1248.26613916
 1187.59729846  919.47049536 1143.97626171 1066.88389518]
incomp_2pcf mean =  [19350.25100645  2714.21472978  2369.22866776   678.22159338
   855.61614998   293.51408246   430.50164339   173.83328866
   275.92008672   118.3306752    179.92578721    89.25688365
   138.33444729    58.90440051]
incomp_2pcf var =  [4383.99388231 4478.39281863 6330.68162208 5884.53618204 5271.05459035
 7268.47609276 5553.95417888 4576.97301867 6656.16650009 6939.1930032
 6095.56400491 5295.69616188 6387.6958218  6864.51469843]
